532648
500112
500570
532617
532215
500010
532174
500470
532540
532712
532868
500111
500325
532432
500295
526881
500359
535648
500390
532755
500209
500510
500228
500875
532939
500440
532400
500253
500257
532532
532281
534091
532187
532461
500103
500124
532500
500180
505537
532873
500547
532454
500312
532430
507685
500696
532134
500285
532977
500048
500290
500520
532659
500104
532921
500113
532792
532627
532947
500101
500055
524715
532784
506615
532832
511072
500182
534369
532477
500087
530273
533278
511357
507878
500134
532286
512070
532149
509051
523574
512599
532754
533644
532296
533519
532343
532848
500114
531463
532809
524804
519273
532826
512199
532478
500800
530967
532483
532955
532733
532652
570001
500483
500043
532555
500040
504358
532300
532822
532121
500830
526371
500820
500477
532505
532689
522205
532720
512355
534809
532810
531373
500550
500495
530557
512237
500330
532531
500400
532839
500425
532682
500093
532693
531307
523445
530251
500878
500086
532538
590129
511431
500020
532706
532480
500247
532715
500106
531807
517354
500303
532497
532466
500825
530965
500315
532276
533632
503310
500116
532642
500575
512311
500300
532488
533155
500493
535267
507514
534711
500219
532322
531522
500410
500469
502448
502330
533189
532924
533228
531831
532872
508869
512531
532819
517334
500008
532687
531502
512361
533261
512379
500674
519307
532898
532800
500164
532747
532756
509966
502742
533098
500096
532526
513599
500870
532915
531272
512129
532524
532880
532081
534060
500877
500031
532725
533096
511218
523204
532523
532424
532670
500032
533398
532155
532418
533573
531597
531426
532301
524404
511682
520022
523756
532522
533150
533148
532331
532779
532545
532514
507880
509480
500331
535755
508969
532034
533137
532391
530239
533180
500790
532129
500102
500002
533305
531364
533179
532525
532684
533151
535658
530007
500144
500188
500003
503031
524372
524494
533304
532622
533106
532388
500038
532399
523598
532798
530773
506943
506822
500346
500620
500085
500084
513377
505200
521070
511672
533274
532254
506820
532885
512113
532772
531228
511369
506690
532309
515055
532797
532787
531213
530005
532374
531162
512626
533540
532667
532702
533276
533288
534758
500108
504378
532156
523236
523405
533022
500294
532401
530271
517506
535467
533160
524552
526666
524588
532714
530393
533207
533122
504369
532268
519156
500336
511389
500034
532347
532768
533107
522113
500770
524540
532930
535789
534422
500530
524412
521062
532209
530263
533229
532900
532321
590122
523523
500238
500690
532641
500408
532179
532814
513375
531358
506197
532708
532746
500186
533204
531570
532312
517326
526953
500480
526045
530943
532180
512179
500235
507205
500411
504335
531266
500850
500288
524816
500355
531996
533638
532827
505513
533343
533273
532162
513216
507410
523477
524084
524230
500292
524138
500387
532628
532794
505729
506395
500123
500227
506390
590086
505509
526235
533286
531642
532843
500183
532234
533317
533166
532090
523704
532178
532926
500444
531055
514211
500940
532978
532541
504823
523363
505029
530019
502937
500660
526367
523133
523457
531768
532371
531517
532837
500366
532780
500380
536492
532348
500185
532218
590003
533088
509243
508486
507458
500252
517496
530561
503806
531500
511138
532778
536170
500672
532696
526299
532840
506285
513269
534532
532345
531453
511288
533239
512499
532509
532629
590041
519183
533146
507717
512161
520077
507815
500042
532944
500125
500676
533569
527001
531720
500302
506146
500049
531893
532654
533121
512579
523618
500645
533177
533227
504918
534190
532342
500378
531120
533482
517447
533248
526582
532508
532989
531508
526598
532144
507968
532609
524606
532891
532914
532181
512068
519373
532799
501455
500420
533171
532210
532853
523395
506720
533262
519586
532960
500059
590075
500296
532106
532482
504741
501061
532786
534920
507488
524735
504340
532808
580001
500109
524000
524446
532949
532899
501425
532966
531823
534425
500191
532775
500233
533144
522259
531082
532349
530011
590005
519602
532440
523642
517411
502420
500350
511676
531096
532854
500135
500500
500490
531404
531209
500168
500307
530813
513335
533266
523398
522064
500710
500472
532475
531822
532783
504067
522287
509820
500201
504973
503101
505533
531712
590006
517421
500339
526853
500160
500680
532927
533332
509550
534708
533553
513250
500271
532762
511652
532795
532875
532883
500260
526441
532851
509930
500095
524091
530763
532691
531638
531633
506480
531335
500670
531723
522275
533282
512573
534816
532339
532175
523319
526067
534755
533265
532793
500039
514162
531431
524394
532515
514304
532694
533293
532323
532718
533143
531919
502355
500128
531349
532767
532504
534309
532734
534690
522285
530979
533344
500214
521167
533295
509053
502165
500215
532683
526987
532830
533758
533281
500027
533200
506532
532735
533001
513262
533271
500110
513179
505700
505890
532481
533284
526209
532678
523792
520145
508989
511208
509675
500024
512131
530377
531524
506235
532612
505250
506590
533292
532886
500298
534312
511736
523610
511754
522261
532997
500280
502986
526807
533790
530689
533264
526586
535205
590071
531882
531795
532282
533176
500304
509488
500459
522074
512559
535754
513683
532503
514043
506894
532485
503100
500119
532700
500251
532749
500074
500165
500403
500067
513353
532382
500730
526652
530499
500338
518029
520057
532748
506194
507747
532363
526801
532859
532953
500171
533287
514034
535916
532751
503169
500179
530075
523630
532929
590074
590076
532310
500412
500148
511766
533333
501848
520115
513349
509715
517146
532804
505355
500117
532608
500033
532624
511413
524742
502865
531548
530091
532221
532649
532711
500407
500255
533581
532710
524400
531746
512299
590103
506022
532191
534615
531217
504614
509148
533309
506605
531253
533152
506074
526521
509567
517518
532761
533275
526483
504966
532856
532662
535486
532644
524820
530999
502175
524280
533154
512463
532757
534597
509874
526596
532636
515043
519600
532318
500126
517140
511144
532765
532493
501700
531693
532025
500231
500264
531465
522263
523367
534139
500092
531952
532285
531845
501301
590112
526139
532529
505854
500245
500368
513517
532521
532150
511131
531273
532368
523838
506261
532498
534742
590024
505714
500207
500189
500193
500210
522029
524348
533269
534804
535917
500540
522163
531497
530703
532805
500488
522175
531838
508998
533206
534675
533163
533272
532928
506685
514348
532834
500404
532727
534563
522241
503699
506803
512267
570002
590073
500173
517554
526403
532903
523694
524212
500013
509055
532845
505744
535322
500655
511692
514470
500259
524330
505720
519570
533263
532313
502180
523736
526109
531862
533157
502090
505872
500630
519248
522249
532731
532759
532760
532777
532979
533104
511557
517174
532660
500460
532200
500166
532443
533162
530863
524470
531129
532871
515147
532507
500163
513446
532366
532732
533412
513010
533704
520059
533090
500265
503960
512289
506938
519287
532686
524689
526731
532904
533216
517296
532876
533169
534338
502157
500465
526642
532887
512529
590063
500840
523261
532390
532419
531203
532355
530001
590030
532934
504008
500335
533257
519552
524226
570004
500317
532456
533470
532212
524037
500241
517214
507828
526015
500187
530961
532305
505790
521248
531769
532256
532923
533761
505726
532606
506128
512449
522165
530073
532259
532621
526173
530579
531909
533161
530517
532739
532917
533047
532369
532679
504351
507652
516108
520113
521131
500097
503837
532919
523696
532922
533400
533211
513023
500139
530867
530971
500405
523672
590072
517001
519105
500145
512093
523207
532356
506184
514165
531531
533520
505710
513142
515030
523716
530367
590093
500133
502820
509631
523840
500268
530363
514234
507490
512608
524200
532051
532133
503685
526841
500367
533212
533192
533202
500159
505192
519260
524542
530381
532705
532902
500356
517168
526725
532173
532950
514450
531695
500414
513519
526141
526650
526829
532707
524370
531874
532912
505283
532882
523724
535602
530255
531134
533444
533655
500360
532932
507315
500012
523277
531921
532638
534392
500279
503657
522257
531344
532889
533326
533330
524687
531574
523385
508906
500413
532782
536073
517300
532647
533543
530039
530077
531950
524558
511607
526917
533103
500041
513434
531650
531978
532719
534731
530199
502168
508814
530347
533023
534076
511034
511076
532721
503796
504879
531645
532796
532874
590062
532326
532852
532920
520021
526612
530343
530945
531241
532931
532998
533093
500254
517536
526947
590066
507649
513228
532163
533389
500266
500650
523323
532511
532664
532976
506222
509627
519560
523754
526263
511243
534063
520056
531144
531731
532894
533260
531519
505737
505712
514045
520119
521016
521030
526817
532389
532613
532663
532770
590083
505525
523890
533402
532870
532908
533315
500249
503663
513121
517498
526871
530059
532539
504036
505163
505255
506655
511116
513414
517500
517544
523537
524669
507446
519383
523708
523796
526899
532940
534328
534976
535204
507435
526365
531147
532407
532864
533329
534184
500223
505036
524663
532479
532850
533006
533080
519588
521064
522209
532372
532656
532835
532981
500780
501298
506525
531568
532722
511503
522251
523269
532375
532938
590115
523475
530201
535647
500239
506767
517206
522073
532411
533218
500314
500467
517224
522233
532657
532974
532983
590033
500155
532097
532610
532672
521242
522122
522217
530149
531599
503811
506260
509130
512257
513729
526654
530145
532865
500313
505400
524594
531411
532990
533015
500077
500256
517477
521018
524051
532395
532713
532726
500449
526550
530299
532494
533294
590085
500141
500150
504112
532945
590106
517556
532543
532614
532666
532959
507598
507753
514274
520043
531682
532240
532518
532650
532669
532790
533168
505196
507528
511092
517271
517449
532841
532890
533339
506109
532392
512585
530433
532384
532738
532967
533213
506142
526544
530191
530707
531216
532311
532847
533016
533017
533055
500184
507438
507817
517041
520008
524075
530323
530701
531869
526049
531556
531886
532616
500136
500199
503349
503675
524288
531175
501945
507912
511114
512048
522085
522195
524709
526397
526797
531515
531590
531814
532123
590088
505665
506003
511196
526785
531937
532001
532741
532987
533014
533158
521113
523411
526407
531025
532516
500089
511688
519295
524208
532542
532630
532935
533108
506186
507892
511000
524667
526957
530475
532127
532948
533639
533982
512465
514030
526247
526747
532699
532975
590111
506579
517385
523062
523648
523670
526560
530803
531447
500464
511605
511734
531269
531866
532698
590121
500463
504646
510245
523229
531137
531878
532717
532892
533159
500057
511668
513536
513583
524500
526492
526927
530901
531433
531499
532907
533301
533605
534756
502450
507260
509527
514167
519136
519483
521014
523592
530027
531380
531612
532527
532626
532771
532878
532888
532985
535621
500329
502958
505978
509077
509152
509220
509496
509525
511147
522142
526075
530117
530163
532528
533164
533427
533469
590090
500078
506985
509499
512047
523539
524129
524570
526576
530337
530615
531270
531518
533156
533306
570003
500060
500068
500151
503940
508494
511696
517417
519031
521022
523384
530657
530889
531192
532287
532773
533138
533193
533203
533267
533411
590065
509162
509486
512105
513554
514175
522267
526668
530365
530477
530745
531190
532351
532398
532408
532651
532961
533029
500429
505324
511728
512018
517534
523449
526269
530665
532766
532774
532813
532820
532995
533296
590130
500052
500333
504908
505010
507155
507960
511441
512149
517096
517569
521180
522229
524232
530885
531207
531259
531598
531897
535458
535620
590057
500777
502933
504076
512417
513108
513534
514118
516082
517380
520111
521163
522295
523371
523558
523628
523638
524342
524731
526525
530389
530997
531541
531591
531687
532072
532298
532370
532457
532906
532951
534567
500301
500890
502405
505688
505840
506079
506170
507836
513059
514358
518091
521220
522101
523455
524204
524648
526691
526849
530129
530315
530439
530715
530743
530959
531339
531540
532033
532338
532646
532701
532877
533252
590031
590094
500354
501833
502995
503092
504058
505052
508982
509069
513605
514312
516072
519234
520155
521240
524727
526093
526614
530017
530443
530505
530611
531092
531879
531979
532172
532413
532675
532785
532807
590028
590060
590079
500120
506852
511638
514300
514332
517059
517973
519475
522134
523160
523419
523856
526179
530185
530187
530355
531855
531861
533007
533059
533268
535730
590078
505299
505893
506076
508996
509692
509992
517236
517356
517415
517565
517571
519566
520066
523301
523810
524522
526381
526739
530431
530543
530777
531160
532124
532911
533033
533320
533336
533608
590133
500240
503162
505412
505800
506016
506405
506687
507580
507690
507981
508933
511110
511609
512345
513403
513709
514264
516064
517467
517546
517562
519479
520086
521005
522105
524013
524310
524480
524598
524774
526307
530237
530305
530549
531719
531934
532376
532776
532789
532811
532867
532910
533208
535693
590126
500028
500132
500250
500945
503691
504093
506027
507300
507526
508860
512393
513687
514028
514302
517015
517035
518075
519323
521056
521076
521194
522017
522183
522281
523820
523846
524202
524818
524828
526169
526409
526558
526703
526727
526761
530109
530719
530825
530843
530853
530883
531099
531118
531206
531412
531417
531602
531680
531686
531689
531944
532166
532357
532716
532803
532857
532933
532941
532952
532957
533170
533302
533506
590107
500023
500030
500046
500153
500211
500213
500222
500318
502873
503659
503722
504000
504258
505075
505160
505242
505302
506520
506734
507405
507663
507789
507870
507970
509020
511473
511505
511525
511533
512247
513005
513097
513369
513401
513502
513509
514266
514322
514324
516007
516016
517119
520051
521182
521200
521234
521238
522215
523007
524080
524109
524760
526622
526707
526729
530317
530441
530811
531161
531172
531233
531278
531419
531470
531471
531668
531671
531726
531917
532100
532140
532141
532230
532271
532330
532362
532416
532439
532513
532605
532661
532695
532744
532764
532815
532879
532893
532937
532942
532980
533012
533149
533178
533629
534598
535958
590046
590127
500051
500058
500083
500174
500357
500402
502455
503804
504697
504701
504786
505141
505650
505750
505827
505982
507515
507525
508136
508939
508941
508976
509635
509895
511333
511463
511559
511585
512296
512344
512481
512527
512587
513151
513397
513629
516030
517330
517552
521082
521232
522005
523011
523019
523373
523465
523550
523842
524210
524276
524332
524396
524590
524808
526415
526721
526737
526755
526887
526921
530053
530245
530307
530405
530427
530699
531149
531252
531337
531366
531544
531582
531611
531658
531663
531777
531802
531820
531842
531863
531900
532067
532189
532219
532324
532346
532403
532410
532460
532723
532742
532788
532866
533259
533321
533393
533407
533452
533676
533888
534674
535503
536493
590013
590077
500009
500014
500267
500306
500337
500399
500450
500456
501179
501343
501370
501756
502223
502281
502465
502512
502587
503015
503881
504176
504180
504240
504288
504336
504629
505230
505232
505502
505526
505681
505930
506113
506315
506401
506597
506874
507442
507474
507522
507794
507833
507864
508900
509015
509040
509079
509438
509557
509835
511016
511176
511359
511391
511427
511451
511523
511543
511593
511611
511618
511710
511724
511726
512017
512067
512097
512109
512167
512191
512215
512301
512332
512369
512437
512455
512535
512634
513117
513309
513405
513436
513472
513513
513515
513532
513558
513566
513579
514036
514142
514221
514272
514326
514386
514394
514460
515018
515093
515145
516020
516038
516106
517063
517164
517228
517370
517403
517437
517564
518011
518017
519003
519035
519174
519216
519224
519230
519279
519281
519285
519359
519421
519457
519463
519532
520003
520075
520139
520151
521149
521174
521176
521216
521228
521246
522004
522034
522091
522108
522231
522237
522289
522292
522294
523113
523127
523200
523209
523307
523359
523369
523387
523391
523467
523483
523519
523576
523660
523722
523732
523768
523826
523844
523874
523876
524103
524314
524458
524516
524610
524634
524642
524699
524752
524754
524824
526027
526133
526217
526227
526315
526347
526433
526443
526481
526500
526504
526508
526523
526608
526616
526640
526677
526709
526717
526723
526733
526753
526821
526827
526839
526843
526851
526859
526861
526891
526931
526951
526955
526965
526971
526981
530047
530069
530079
530119
530151
530175
530219
530265
530267
530321
530421
530445
530461
530497
530533
530555
530565
530571
530589
530627
530655
530677
530711
530721
530769
530771
530919
530951
530985
530991
531043
531088
531091
531115
531146
531153
531171
531173
531179
531198
531237
531250
531262
531276
531295
531306
531336
531367
531390
531398
531409
531416
531429
531439
531452
531467
531486
531533
531543
531595
531613
531648
531661
531675
531678
531692
531738
531739
531752
531758
531761
531791
531816
531832
531870
531881
531904
531910
531929
531936
531962
531991
532022
532039
532041
532045
532053
532084
532092
532093
532113
532116
532139
532216
532217
532275
532307
532333
532341
532350
532354
532365
532367
532379
532387
532402
532425
532435
532444
532459
532467
532491
532537
532548
532604
532668
532673
532690
532692
532729
532730
532740
532758
532801
532806
532816
532823
532825
532828
532836
532842
532858
532869
532884
532896
532905
532913
532925
532986
532991
532992
532994
532996
533056
533065
533068
533083
533095
533109
533110
533217
533219
533221
533258
533270
533289
533303
533316
533477
533499
533896
533941
534564
534740
534748
535514
536507
590022
590025
590038
590058
590061
590070
590120
590132